-42562.70756276261
-42549.237212068096
-38652.61472585781
-39889.743747539236
-39889.743747539236
-35524.98878872326
-33815.114753197384
-33403.6884752106
-33403.6884752106
-33353.65189845726
-33340.88188392094
-33381.618068603035
-33381.618068603035
-33381.618068603035
-33432.16423336404
-33336.27808578993
-33336.27808578993
-33325.40932660991
-33259.743527643324
-33259.743527643324
-30194.20935230016
-30194.260072705765
-33280.70677108311
-33279.833609605805
-33260.66073616599
-33221.07428014821
-31443.55345439602
-30420.41733537746
-30417.52050649977
-30417.31469224367
-30427.927911900464
-28479.96754212831
-28206.563628178752
-27847.9274174437
-27673.968917881935
-27470.929624827102
-27459.44653813381
-27441.510367106173
-27441.510367106173
-27471.790520947463
-27434.07829054509
-27421.889255694496
-27407.96452007214
-27410.53279728369
-27449.544498977244
-27426.61971556786
-27431.36784375527
-27434.634738855973
-27434.634738855973
-27434.634738855973
-27434.634738855973
-27461.475996341374
-27452.066529268046
-27416.43372256674
-27466.364627351908
-27446.587798307344
-27447.59865616539
-27398.287554227332
-27418.35733329794
-27402.024102309988
-27402.024102309988
-27398.46112297985
-27401.587725833375
-27396.462751572355
-27364.5983237224
-27376.222328697884
-27340.778818503444
-27319.371716836813
-27218.197011168864
-27218.197011168864
-27218.197011168864
-27277.01955152145
-27277.01955152145
-27430.74486748789
-27440.672478077337
-27494.625147593528
-27302.365249450202
-27347.302680996254
-27215.65828382159
-27215.65828382159
-27157.52480593535
-27164.143289211876
-27164.143289211876
-27145.598535226338
-27167.62839301845
-27145.598535226338
-27115.076040926007
-27128.199916972746
-27038.770991330057
-27100.541715332853
-27100.541715332853
-27135.62751582673
-27068.988787884387
-27074.02578208103
-27062.76706051772
-27076.41143757605
-27056.382140666123
-27054.221229882667
-27058.743801119028
-27058.743801119028
-27058.743801119028
-27052.53692331497
-27054.337280069594
-27054.337280069594
-27054.337280069594
-27082.90300752928
-27079.69035440219
-27061.393645239223
-27034.59052525334
-27000.159844359703
-27004.80724368297
-27011.896920561303
-26987.19101118914
-27044.002451070242
-27010.392295000725
-27027.5303148455
-27042.174092556656
-27042.50446881131
-27032.852081099027
-27032.148381469167
-27018.46609588073
-27001.416464609785
-27000.88067363017
-27000.88067363017
-26995.577562130224
-27008.983710153312
-27003.32215585579
-27003.32215585579
-26970.942434142788
-26965.386155528147
-26996.99334010706
-26997.757935849964
-26969.797204615817
-26965.126026753656
-26965.126026753656
-26965.49945457181
-26965.49945457181
-26971.65452692186
-26962.470893123696
-26962.661836123596
-26962.661836123596
-26969.15440415082
-26968.50142521142
-26963.486421187717
-26964.03502442345
-26972.776959044837
-26965.510794536778
-26964.657711841704
-26962.700586833947
-26962.31124370832
-26967.120669001
-26967.120669001
-26967.120669001
-26963.46065525434
-26966.366033011982
-26965.14909936482
-26962.650394159264
-26962.403992208412
-26967.00181748811
-26964.51056963129
-26964.55910303373
-26971.80917574203
-26971.000499207847
-26963.02881423484
-26962.88692362346
-26962.88692362346
-26962.88692362346
-26962.516013092758
-26962.93845035859
-26962.93845035859
-26962.93845035859
-26968.414002254052
-26965.80358262822
-25011.358469003004
-25001.798167796085
-24994.11540914639
-25060.923876781817
-24792.02503313117
-24786.156442995067
-24786.156442995067
-24774.01672781219
-24684.43706004342
-24701.32195933397
-24717.03410907667
-24678.286070584836
-24667.930208689228
-24668.13297324749
-24707.583092697794
-24698.965431426735
-24677.993637608008
-24661.88460988796
-24664.46056118182
-24641.14456600952
-24647.39334157241
-24644.006150877125
-24640.131227386388
-24638.453811631844
-24643.047356802395
-24643.761318509783
-24641.86651384143