-46315.96636824332
-46303.93518963475
-46136.61190223454
-46136.61190223454
-46295.60483000561
-37334.64880691419
-36065.62183118312
-33080.12773436165
-32774.52619758001
-32774.52619758001
-32775.72539797342
-32775.72539797342
-32803.30054391592
-32802.11711080704
-32785.01488419093
-32763.37855534633
-32763.37855534633
-32733.639484809464
-32733.639484809464
-32674.370055704458
-32733.639484809464
-32793.53389442057
-32692.46049453145
-32734.685153289298
-32690.929185278677
-32663.866802359833
-32626.83752270791
-32577.4713226486
-32549.39576600747
-32559.361915315538
-32525.75849387286
-32484.732584771493
-32575.478383228212
-32451.051359131125
-32335.489094618926
-32439.516293604647
-32435.774602570236
-32296.556849544424
-32298.322841877583
-32281.626925214587
-32306.333034715768
-32251.779731880277
-32234.097477654486
-32341.45573844391
-32276.00698186971
-32228.245586593846
-32074.08152069839
-32074.564108767518
-32076.415017897365
-32076.948894756708
-32069.100603433315
-32032.97750687404
-32020.655021399136
-32023.240418469657
-32065.976460205016
-31952.840280533375
-31952.840280533375
-31944.40368647071
-31922.45384246712
-31939.594529193717
-31902.811870433154
-31951.105211349048
-31852.02079032526
-31864.901735010873
-31862.71650765287
-31852.885717525358
-31840.17536674868
-31847.816354503448
-31816.780650639368
-31788.897919637326
-31785.958747962737
-31784.01833056115
-31763.686360739575
-31784.26399256901
-31691.067323851603
-31777.152430844897
-31715.247911535105
-31681.807999947505
-31710.875678075605
-31666.143798113106
-31710.89398590153
-31703.89596825234
-31678.895433446058
-31640.837844432543
-31751.392464290955
-31645.12309510738
-31587.689772619284
-31582.274606054376
-31616.14517400843
-31606.824304379174
-31581.573678211396
-31555.805902121254
-31554.119115786634
-31530.43348474873
-31555.805902121254
-31555.805902121254
-31521.080459407203
-31521.080459407203
-31525.34688112614
-31552.879592083544
-31507.939321270696
-31513.0515764147
-31510.518225871223
-31531.019276710886
-31521.797036286633
-31521.797036286633
-31512.676573221725
-31512.676573221725
-31496.33255541073
-31492.95628790275
-31491.04737165598
-31491.04737165598
-31491.04737165598
-31488.554939224086
-31488.554939224086
-31481.470262104798
-31484.46361300325
-31479.628729655036
-31499.862729877575
-31493.4958160163
-31481.76906003574
-31495.094856675554
-31470.758500194483
-31491.416289879864
-31476.994621164697
-31466.860862720423
-31482.10467467043
-31483.755297360658
-31464.029705356472
-31468.828708028374
-31468.828708028374
-31471.714399431
-31469.72005545634
-31472.319987472925
-31470.81644470625
-31467.651492220175
-31470.805181349817
-30926.658584091685
-31471.272281311285
-31471.272281311285
-28399.848951146552
-27896.678364991418
-28213.824190053165
-28213.824190053165
-28512.254908114188
-28425.740461419322
-27874.759014755626
-27703.7658650132
-27697.093993235503
-27708.773874463273
-27715.568994130794
-27737.12451561118
-27807.507319724737
-27723.593837727494
-27687.56434121215
-27695.55520231001
-27697.454628522988
-27702.869185928008
-27672.89240480007
-27692.59571829581
-27672.54846554732
-27672.54846554732
-27679.407518812804
-27679.407518812804
-27679.407518812804
-27672.793383279495
-27676.78436193656
-27649.583500829736
-27637.692414940386
-27654.37251135647
-27732.999192083895
-27696.241906202224
-27675.90726408296
-27742.82576318139
-27729.47850471959
-27691.285743189375
-27691.285743189375
-27686.70072219386
-27680.594128135242
-27678.808191966753
-27658.84515397627
-27637.310175662424
-27658.84515397627
-27665.363869441957
-27636.080513816396
-27646.757262353745
-27659.17421112343
-27658.293114993183
-27658.293114993183
-27645.95103754303
-27642.014135011843
-27633.09182490352
-27640.659685678384
-27634.300805511353
-27635.005195264283
-27635.36591274666
-27636.437510177104
-27636.950718821332
-27635.005195264283
-27635.005195264283
